0.000000 0.000000 0.000000 0.000000 0.000000 0.000000 0.000000 0.000000 0.000000 0.000000 0.000000 0.000000 0.000000 0.000000 0.000000 0.000000 0.000000 0.000000 0.000000 0.000000 0.000000 0.000000 0.000000 0.000000 0.000000 0.000000 0.000000 0.000000 0.000000 0.000000 0.000000 0.000000 0.000000 0.000000 0.000000 0.000000 0.000000 0.000000 0.000000 0.000000 0.000000 0.000000 0.000000 0.000000 0.000000 0.000000 0.000000 0.000000 0.000000 0.000000 0.000000 0.000000 0.000000 0.000000 0.000000 0.000000 0.000000 0.000000 0.000000 0.000000 0.000000 0.000000 0.000000 0.000000 0.000000 0.000000 0.000000 0.000000 0.000000 0.000000 0.000000 0.000000 0.000000 0.000000 0.000000 0.000000 0.000000 0.000000 0.000000 0.000000 0.000000 0.000000 0.000000 0.000000 0.000000 0.000000 0.000000 0.000000 0.000000 0.000000 0.000000 0.000000 0.000000 0.000000 0.000000 0.000000 0.000000 0.000000 0.000000 0.000000 
0.000000 0.000757 0.001514 0.002269 0.003023 0.003775 0.004523 0.005269 0.006009 0.006747 0.007478 0.008205 0.008923 0.009638 0.010341 0.011040 0.011727 0.012408 0.013076 0.013737 0.014383 0.015021 0.015643 0.016257 0.016852 0.017438 0.018004 0.018560 0.019095 0.019618 0.020119 0.020607 0.021072 0.021523 0.021950 0.022361 0.022747 0.023117 0.023460 0.023786 0.024085 0.024364 0.024617 0.024849 0.025053 0.025236 0.025390 0.025523 0.025626 0.025706 0.025758 0.025785 0.025784 0.025758 0.025703 0.025623 0.025514 0.025380 0.025217 0.025028 0.024812 0.024570 0.024300 0.024005 0.023683 0.023335 0.022961 0.022562 0.022139 0.021690 0.021219 0.020722 0.020204 0.019661 0.019098 0.018512 0.017907 0.017280 0.016635 0.015970 0.015288 0.014588 0.013872 0.013139 0.012393 0.011631 0.010857 0.010070 0.009272 0.008463 0.007645 0.006817 0.005983 0.005140 0.004293 0.003440 0.002584 0.001724 0.000863 0.000000 
0.000000 0.001514 0.003027 0.004536 0.006044 0.007545 0.009044 0.010532 0.012016 0.013487 0.014952 0.016401 0.017843 0.019265 0.020678 0.022069 0.023449 0.024804 0.026146 0.027460 0.028760 0.030027 0.031279 0.032497 0.033696 0.034858 0.035999 0.037101 0.038180 0.039216 0.040228 0.041194 0.042134 0.043026 0.043888 0.044701 0.045482 0.046212 0.046907 0.047550 0.048156 0.048707 0.049219 0.049676 0.050091 0.050450 0.050765 0.051023 0.051236 0.051391 0.051499 0.051549 0.051551 0.051495 0.051388 0.051225 0.051010 0.050739 0.050416 0.050038 0.049606 0.049121 0.048583 0.047991 0.047348 0.046652 0.045905 0.045109 0.044261 0.043366 0.042420 0.041430 0.040391 0.039309 0.038181 0.037012 0.035800 0.034549 0.033257 0.031930 0.030564 0.029166 0.027733 0.026270 0.024775 0.023255 0.021705 0.020134 0.018536 0.016920 0.015283 0.013630 0.011960 0.010277 0.008582 0.006878 0.005165 0.003447 0.001724 0.000000 
0.000000 0.002269 0.004536 0.006801 0.009059 0.011313 0.013555 0.015791 0.018010 0.020221 0.022411 0.024590 0.026743 0.028884 0.030993 0.033088 0.035147 0.037188 0.039189 0.041170 0.043106 0.045020 0.046883 0.048722 0.050506 0.052261 0.053958 0.055624 0.057227 0.058795 0.060297 0.061760 0.063154 0.064506 0.065784 0.067017 0.068174 0.069282 0.070311 0.071287 0.072182 0.073021 0.073777 0.074473 0.075085 0.075633 0.076096 0.076492 0.076802 0.077043 0.077197 0.077279 0.077275 0.077197 0.077032 0.076792 0.076466 0.076063 0.075576 0.075011 0.074363 0.073636 0.072829 0.071942 0.070978 0.069935 0.068816 0.067620 0.066351 0.065007 0.063593 0.062105 0.060551 0.058925 0.057238 0.055482 0.053668 0.051789 0.049857 0.047863 0.045820 0.043720 0.041575 0.039379 0.037142 0.034859 0.032540 0.030180 0.027789 0.025363 0.022912 0.020431 0.017930 0.015406 0.012866 0.010310 0.007743 0.005167 0.002585 0.000000 
0.000000 0.003023 0.006044 0.009059 0.012070 0.015069 0.018061 0.021033 0.023996 0.026934 0.029860 0.032753 0.035632 0.038472 0.041295 0.044072 0.046829 0.049534 0.052215 0.054838 0.057433 0.059965 0.062466 0.064897 0.067291 0.069612 0.071891 0.074091 0.076246 0.078316 0.080336 0.082266 0.084142 0.085923 0.087646 0.089269 0.090829 0.092287 0.093675 0.094958 0.096168 0.097269 0.098291 0.099203 0.100033 0.100749 0.101379 0.101894 0.102319 0.102629 0.102845 0.102945 0.102948 0.102836 0.102624 0.102298 0.101869 0.101328 0.100682 0.099926 0.099065 0.098095 0.097021 0.095840 0.094554 0.093166 0.091674 0.090083 0.088390 0.086602 0.084714 0.082736 0.080662 0.078501 0.076248 0.073915 0.071493 0.068995 0.066415 0.063765 0.061037 0.058246 0.055383 0.052462 0.049477 0.046440 0.043346 0.040207 0.037018 0.033790 0.030521 0.027220 0.023884 0.020524 0.017138 0.013735 0.010315 0.006883 0.003443 0.000000 
0.000000 0.003775 0.007545 0.011313 0.015069 0.018818 0.022547 0.026266 0.029957 0.033635 0.037277 0.040902 0.044483 0.048044 0.051552 0.055037 0.058461 0.061857 0.065185 0.068481 0.071701 0.074884 0.077984 0.081041 0.084009 0.086929 0.089752 0.092522 0.095189 0.097797 0.100296 0.102729 0.105048 0.107296 0.109423 0.111473 0.113398 0.115240 0.116952 0.118575 0.120065 0.121459 0.122717 0.123874 0.124892 0.125804 0.126574 0.127233 0.127749 0.128149 0.128406 0.128543 0.128536 0.128406 0.128132 0.127732 0.127191 0.126520 0.125710 0.124769 0.123692 0.122483 0.121140 0.119665 0.118061 0.116326 0.114465 0.112476 0.110366 0.108129 0.105777 0.103302 0.100717 0.098014 0.095207 0.092287 0.089269 0.086144 0.082929 0.079613 0.076214 0.072722 0.069154 0.065501 0.061780 0.057982 0.054125 0.050200 0.046223 0.042188 0.038110 0.033984 0.029824 0.025625 0.021401 0.017149 0.012880 0.008594 0.004300 0.000000 
0.000000 0.004523 0.009044 0.013555 0.018061 0.022547 0.027023 0.031471 0.035905 0.040300 0.044678 0.049007 0.053315 0.057565 0.061788 0.065944 0.070068 0.074116 0.078127 0.082052 0.085936 0.089724 0.093465 0.097103 0.100686 0.104158 0.107569 0.110860 0.114084 0.117181 0.120204 0.123092 0.125899 0.128564 0.131141 0.133571 0.135904 0.138085 0.140163 0.142083 0.143892 0.145540 0.147070 0.148435 0.149675 0.150748 0.151690 0.152461 0.153097 0.153561 0.153883 0.154034 0.154038 0.153870 0.153553 0.153065 0.152423 0.151613 0.150648 0.149516 0.148228 0.146777 0.145169 0.143402 0.141478 0.139401 0.137169 0.134788 0.132255 0.129580 0.126755 0.123796 0.120692 0.117459 0.114088 0.110596 0.106972 0.103236 0.099374 0.095409 0.091328 0.087151 0.082867 0.078498 0.074030 0.069487 0.064857 0.060161 0.055388 0.050560 0.045667 0.040728 0.035737 0.030710 0.025644 0.020552 0.015433 0.010299 0.005152 0.000000 
0.000000 0.005269 0.010532 0.015791 0.021033 0.026266 0.031471 0.036662 0.041814 0.046948 0.052031 0.057092 0.062090 0.067060 0.071958 0.076821 0.081601 0.086341 0.090987 0.095586 0.100081 0.104523 0.108851 0.113118 0.117261 0.121336 0.125277 0.129143 0.132866 0.136506 0.139994 0.143391 0.146627 0.149764 0.152734 0.155595 0.158283 0.160853 0.163243 0.165509 0.167588 0.169534 0.171290 0.172905 0.174326 0.175598 0.176673 0.177593 0.178314 0.178872 0.179231 0.179422 0.179412 0.179230 0.178849 0.178290 0.177534 0.176599 0.175468 0.174155 0.172650 0.170963 0.169088 0.167030 0.164791 0.162369 0.159772 0.156995 0.154050 0.150928 0.147645 0.144190 0.140582 0.136809 0.132891 0.128815 0.124603 0.120241 0.115753 0.111125 0.106381 0.101506 0.096526 0.091427 0.086233 0.080932 0.075548 0.070069 0.064519 0.058887 0.053195 0.047436 0.041628 0.035768 0.029871 0.023936 0.017977 0.011996 0.006002 0.000000 
0.000000 0.006009 0.012016 0.018010 0.023996 0.029957 0.035905 0.041814 0.047706 0.053546 0.059362 0.065115 0.070838 0.076484 0.082096 0.087617 0.093097 0.098475 0.103805 0.109021 0.114180 0.119214 0.124184 0.129017 0.133778 0.138391 0.142923 0.147297 0.151580 0.155695 0.159711 0.163549 0.167278 0.170820 0.174243 0.177472 0.180572 0.183470 0.186230 0.188781 0.191185 0.193375 0.195407 0.197221 0.198869 0.200294 0.201545 0.202571 0.203415 0.204031 0.204460 0.204660 0.204665 0.204443 0.204021 0.203372 0.202520 0.201444 0.200161 0.198658 0.196946 0.195018 0.192881 0.190533 0.187978 0.185218 0.182252 0.179089 0.175723 0.172168 0.168416 0.164483 0.160359 0.156064 0.151585 0.146946 0.142130 0.137166 0.132036 0.126767 0.121344 0.115795 0.110103 0.104297 0.098362 0.092325 0.086174 0.079933 0.073593 0.067177 0.060676 0.054114 0.047483 0.040803 0.034072 0.027306 0.020506 0.013684 0.006846 0.000000 
0.000000 0.006747 0.013487 0.020221 0.026934 0.033635 0.040300 0.046948 0.053546 0.060120 0.066629 0.073109 0.079510 0.085875 0.092146 0.098374 0.104495 0.110565 0.116514 0.122404 0.128160 0.133848 0.139390 0.144854 0.150159 0.155378 0.160425 0.165376 0.170143 0.174804 0.179271 0.183620 0.187765 0.191782 0.195585 0.199249 0.202690 0.205982 0.209043 0.211944 0.214607 0.217099 0.219348 0.221415 0.223235 0.224864 0.226241 0.227418 0.228341 0.229056 0.229516 0.229760 0.229748 0.229515 0.229026 0.228311 0.227343 0.226145 0.224697 0.223015 0.221089 0.218928 0.216527 0.213892 0.211024 0.207924 0.204598 0.201042 0.197270 0.193272 0.189068 0.184644 0.180024 0.175192 0.170175 0.164955 0.159561 0.153976 0.148229 0.142302 0.136227 0.129985 0.123608 0.117078 0.110427 0.103639 0.096744 0.089728 0.082620 0.075408 0.068119 0.060744 0.053307 0.045803 0.038252 0.030652 0.023021 0.015361 0.007685 0.000000 
0.000000 0.007478 0.014952 0.022411 0.029860 0.037277 0.044678 0.052031 0.059362 0.066629 0.073867 0.081025 0.088147 0.095173 0.102155 0.109026 0.115845 0.122537 0.129169 0.135659 0.142079 0.148344 0.154528 0.160542 0.166466 0.172207 0.177846 0.183288 0.188618 0.193739 0.198735 0.203511 0.208151 0.212559 0.216818 0.220836 0.224694 0.228300 0.231734 0.234909 0.237900 0.240625 0.243154 0.245411 0.247461 0.249235 0.250792 0.252068 0.253118 0.253886 0.254418 0.254667 0.254674 0.254397 0.253872 0.253065 0.252005 0.250666 0.249069 0.247199 0.245068 0.242669 0.240010 0.237089 0.233909 0.230475 0.226784 0.222848 0.218660 0.214237 0.209568 0.204674 0.199542 0.194198 0.188624 0.182851 0.176859 0.170682 0.164298 0.157742 0.150994 0.144089 0.137006 0.129782 0.122396 0.114885 0.107230 0.099465 0.091575 0.083591 0.075502 0.067336 0.059085 0.050773 0.042397 0.033978 0.025516 0.017028 0.008518 0.000000 
0.000000 0.008205 0.016401 0.024590 0.032753 0.040902 0.049007 0.057092 0.065115 0.073109 0.081025 0.088905 0.096689 0.104428 0.112055 0.119628 0.127072 0.134453 0.141688 0.148850 0.155850 0.162767 0.169506 0.176151 0.182602 0.188948 0.195086 0.201106 0.206904 0.212571 0.218003 0.223292 0.228333 0.233218 0.237843 0.242298 0.246483 0.250486 0.254208 0.257735 0.260974 0.264004 0.266739 0.269254 0.271467 0.273447 0.275122 0.276553 0.277676 0.278546 0.279104 0.279401 0.279387 0.279103 0.278509 0.277639 0.276462 0.275005 0.273244 0.271199 0.268857 0.266229 0.263309 0.260105 0.256618 0.252847 0.248802 0.244479 0.239891 0.235030 0.229917 0.224538 0.218919 0.213044 0.206942 0.200595 0.194036 0.187244 0.180255 0.173048 0.165660 0.158069 0.150314 0.142373 0.134285 0.126031 0.117646 0.109114 0.100470 0.091700 0.082837 0.073868 0.064825 0.055699 0.046516 0.037275 0.027995 0.018680 0.009346 0.000000 
0.000000 0.008923 0.017843 0.026743 0.035632 0.044483 0.053315 0.062090 0.070838 0.079510 0.088147 0.096689 0.105187 0.113572 0.121903 0.130103 0.138239 0.146226 0.154139 0.161885 0.169545 0.177021 0.184400 0.191578 0.198647 0.205497 0.212226 0.218721 0.225081 0.231192 0.237154 0.242853 0.248389 0.253650 0.258733 0.263527 0.268130 0.272434 0.276532 0.280321 0.283890 0.287142 0.290159 0.292853 0.295299 0.297416 0.299274 0.300797 0.302050 0.302966 0.303601 0.303898 0.303906 0.303576 0.302949 0.301987 0.300721 0.299123 0.297218 0.294986 0.292444 0.289581 0.286408 0.282922 0.279128 0.275029 0.270625 0.265928 0.260931 0.255652 0.250080 0.244241 0.238117 0.231739 0.225088 0.218199 0.211049 0.203677 0.196059 0.188236 0.180184 0.171943 0.163492 0.154870 0.146057 0.137094 0.127959 0.118693 0.109278 0.099751 0.090098 0.080353 0.070507 0.060589 0.050593 0.040547 0.030449 0.020320 0.010165 0.000000 
0.000000 0.009638 0.019265 0.028884 0.038472 0.048044 0.057565 0.067060 0.076484 0.085875 0.095173 0.104428 0.113572 0.122662 0.131621 0.140516 0.149260 0.157929 0.166428 0.174840 0.183063 0.191187 0.199103 0.206908 0.214486 0.221940 0.229150 0.236220 0.243031 0.249688 0.256069 0.262280 0.268202 0.273939 0.279372 0.284605 0.289521 0.294222 0.298595 0.302737 0.306542 0.310101 0.313314 0.316267 0.318867 0.321193 0.323160 0.324841 0.326160 0.327181 0.327838 0.328186 0.328170 0.327836 0.327139 0.326117 0.324735 0.323023 0.320954 0.318553 0.315801 0.312714 0.309285 0.305521 0.301425 0.296996 0.292245 0.287166 0.281778 0.276068 0.270062 0.263744 0.257144 0.250242 0.243075 0.235620 0.227915 0.219938 0.211729 0.203263 0.194585 0.185669 0.176559 0.167233 0.157732 0.148036 0.138188 0.128166 0.118013 0.107712 0.097300 0.086766 0.076143 0.065424 0.054638 0.043783 0.032883 0.021942 0.010978 0.000000 
0.000000 0.010341 0.020678 0.030993 0.041295 0.051552 0.061788 0.071958 0.082096 0.092146 0.102155 0.112055 0.121903 0.131621 0.141276 0.150779 0.160208 0.169465 0.178635 0.187612 0.196489 0.205154 0.213705 0.222024 0.230215 0.238155 0.245952 0.253480 0.260850 0.267933 0.274842 0.281448 0.287863 0.293960 0.299850 0.305407 0.310741 0.315730 0.320478 0.324870 0.329005 0.332774 0.336271 0.339393 0.342228 0.344681 0.346834 0.348599 0.350051 0.351113 0.351849 0.352194 0.352203 0.351820 0.351094 0.349978 0.348511 0.346660 0.344452 0.341865 0.338919 0.335601 0.331924 0.327884 0.323486 0.318737 0.313633 0.308189 0.302397 0.296280 0.289823 0.283055 0.275958 0.268567 0.260859 0.252875 0.244589 0.236045 0.227217 0.218150 0.208818 0.199268 0.189474 0.179482 0.169269 0.158880 0.148294 0.137555 0.126644 0.115603 0.104416 0.093123 0.081712 0.070217 0.058634 0.046991 0.035288 0.023549 0.011781 0.000000 
0.000000 0.011040 0.022069 0.033088 0.044072 0.055037 0.065944 0.076821 0.087617 0.098374 0.109026 0.119628 0.130103 0.140516 0.150779 0.160969 0.170985 0.180916 0.190652 0.200289 0.209709 0.219015 0.228084 0.237024 0.245706 0.254244 0.262504 0.270603 0.278406 0.286030 0.293341 0.300456 0.307240 0.313811 0.320036 0.326030 0.331662 0.337047 0.342057 0.346802 0.351161 0.355237 0.358919 0.362301 0.365279 0.367943 0.370198 0.372123 0.373634 0.374804 0.375556 0.375955 0.375936 0.375554 0.374755 0.373585 0.372001 0.370040 0.367670 0.364919 0.361767 0.358231 0.354303 0.349991 0.345298 0.340225 0.334782 0.328964 0.322791 0.316251 0.309370 0.302133 0.294572 0.286666 0.278456 0.269915 0.261089 0.251950 0.242546 0.232849 0.222907 0.212694 0.202258 0.191574 0.180691 0.169584 0.158301 0.146821 0.135190 0.123390 0.111463 0.099395 0.087226 0.074947 0.062591 0.050156 0.037669 0.025135 0.012576 0.000000 
0.000000 0.011727 0.023449 0.035147 0.046829 0.058461 0.070068 0.081601 0.093097 0.104495 0.115845 0.127072 0.138239 0.149260 0.160208 0.170985 0.181678 0.192175 0.202573 0.212754 0.222821 0.232647 0.242344 0.251778 0.261066 0.270071 0.278912 0.287450 0.295807 0.303840 0.311673 0.319165 0.326440 0.333354 0.340033 0.346336 0.352384 0.358041 0.363425 0.368406 0.373095 0.377370 0.381335 0.384876 0.388090 0.390873 0.393313 0.395316 0.396962 0.398166 0.399000 0.399392 0.399401 0.398968 0.398144 0.396879 0.395216 0.393116 0.390612 0.387679 0.384338 0.380576 0.376405 0.371824 0.366837 0.361451 0.355663 0.349490 0.342922 0.335985 0.328662 0.320987 0.312939 0.304557 0.295817 0.286762 0.277366 0.267677 0.257666 0.247384 0.236802 0.225972 0.214865 0.203535 0.191953 0.180172 0.168167 0.155989 0.143616 0.131095 0.118409 0.105602 0.092662 0.079627 0.066491 0.053288 0.040017 0.026705 0.013359 0.000000 
0.000000 0.012408 0.024804 0.037188 0.049534 0.061857 0.074116 0.086341 0.098475 0.110565 0.122537 0.134453 0.146226 0.157929 0.169465 0.180916 0.192175 0.203336 0.214279 0.225109 0.235697 0.246156 0.256350 0.266397 0.276156 0.285750 0.295035 0.304137 0.312907 0.321476 0.329693 0.337689 0.345315 0.352700 0.359697 0.366432 0.372764 0.378815 0.384447 0.389779 0.394679 0.399260 0.403398 0.407198 0.410547 0.413540 0.416075 0.418238 0.419937 0.421251 0.422097 0.422544 0.422524 0.422094 0.421196 0.419881 0.418101 0.415896 0.413234 0.410141 0.406599 0.402624 0.398209 0.393363 0.388089 0.382387 0.376270 0.369731 0.362793 0.355442 0.347709 0.339574 0.331076 0.322191 0.312963 0.303364 0.293444 0.283173 0.272603 0.261705 0.250531 0.239052 0.227323 0.215315 0.203083 0.190599 0.177918 0.165016 0.151944 0.138681 0.125276 0.111713 0.098036 0.084235 0.070347 0.056371 0.042338 0.028250 0.014134 0.000000 
0.000000 0.013076 0.026146 0.039189 0.052215 0.065185 0.078127 0.090987 0.103805 0.116514 0.129169 0.141688 0.154139 0.166428 0.178635 0.190652 0.202573 0.214279 0.225873 0.237225 0.248449 0.259406 0.270217 0.280737 0.291093 0.301134 0.310992 0.320512 0.329829 0.338787 0.347521 0.355876 0.363985 0.371697 0.379142 0.386171 0.392914 0.399223 0.405225 0.410780 0.416008 0.420775 0.425195 0.429144 0.432727 0.435831 0.438551 0.440785 0.442619 0.443963 0.444892 0.445329 0.445340 0.444857 0.443937 0.442528 0.440672 0.438331 0.435539 0.432269 0.428543 0.424348 0.419699 0.414591 0.409030 0.403024 0.396570 0.389687 0.382364 0.374629 0.366464 0.357906 0.348933 0.339587 0.329841 0.319745 0.309269 0.298465 0.287303 0.275838 0.264039 0.251963 0.239579 0.226944 0.214031 0.200895 0.187510 0.173930 0.160134 0.146173 0.132028 0.117748 0.103320 0.088785 0.074139 0.059417 0.044620 0.029777 0.014896 0.000000 
0.000000 0.013737 0.027460 0.041170 0.054838 0.068481 0.082052 0.095586 0.109021 0.122404 0.135659 0.148850 0.161885 0.174840 0.187612 0.200289 0.212754 0.225109 0.237225 0.249214 0.260937 0.272514 0.283801 0.294922 0.305727 0.316349 0.326628 0.336704 0.346415 0.355900 0.364998 0.373849 0.382293 0.390467 0.398214 0.405670 0.412681 0.419378 0.425615 0.431516 0.436942 0.442013 0.446595 0.450801 0.454509 0.457822 0.460629 0.463023 0.464905 0.466359 0.467296 0.467791 0.467769 0.467292 0.466299 0.464842 0.462872 0.460431 0.457484 0.454060 0.450138 0.445738 0.440850 0.435485 0.429646 0.423333 0.416561 0.409322 0.401641 0.393503 0.384942 0.375936 0.366528 0.356692 0.346475 0.335849 0.324867 0.313496 0.301794 0.289728 0.277358 0.264650 0.251665 0.238371 0.224829 0.211009 0.196970 0.182687 0.168214 0.153531 0.138690 0.123675 0.108533 0.093255 0.077880 0.062408 0.046871 0.031275 0.015648 0.000000 
0.000000 0.014383 0.028760 0.043106 0.057433 0.071701 0.085936 0.100081 0.114180 0.128160 0.142079 0.155850 0.169545 0.183063 0.196489 0.209709 0.222821 0.235697 0.248449 0.260937 0.273281 0.285335 0.297225 0.308798 0.320188 0.331234 0.342076 0.352549 0.362796 0.372650 0.382256 0.391447 0.400366 0.408849 0.417038 0.424770 0.432185 0.439127 0.445728 0.451839 0.457588 0.462833 0.467693 0.472038 0.475979 0.479393 0.482384 0.484842 0.486859 0.488338 0.489360 0.489841 0.489852 0.489322 0.488310 0.486759 0.484718 0.482143 0.479072 0.475475 0.471377 0.466763 0.461648 0.456030 0.449913 0.443307 0.436208 0.428637 0.420582 0.412074 0.403093 0.393680 0.383810 0.373529 0.362810 0.351704 0.340181 0.328297 0.316019 0.303408 0.290430 0.277146 0.263525 0.249628 0.235424 0.220974 0.206252 0.191315 0.176140 0.160783 0.145225 0.129517 0.113647 0.097659 0.081550 0.065356 0.049079 0.032753 0.016385 0.000000 
0.000000 0.015021 0.030027 0.045020 0.059965 0.074884 0.089724 0.104523 0.119214 0.133848 0.148344 0.162767 0.177021 0.191187 0.205154 0.219015 0.232647 0.246156 0.259406 0.272514 0.285335 0.297994 0.310336 0.322497 0.334313 0.345926 0.357169 0.368185 0.378805 0.389175 0.399126 0.408803 0.418037 0.426975 0.435447 0.443599 0.451267 0.458589 0.465410 0.471862 0.477796 0.483340 0.488351 0.492950 0.497006 0.500628 0.503698 0.506315 0.508373 0.509962 0.510988 0.511528 0.511505 0.510983 0.509898 0.508304 0.506150 0.503481 0.500258 0.496514 0.492225 0.487414 0.482069 0.476203 0.469817 0.462915 0.455509 0.447594 0.439194 0.430295 0.420933 0.411086 0.400798 0.390042 0.378870 0.367251 0.355241 0.342808 0.330011 0.316818 0.303290 0.289394 0.275195 0.260659 0.245850 0.230738 0.215386 0.199768 0.183941 0.167886 0.151657 0.135239 0.118681 0.101974 0.085162 0.068243 0.051253 0.034200 0.017111 0.000000 
0.000000 0.015643 0.031279 0.046883 0.062466 0.077984 0.093465 0.108851 0.124184 0.139390 0.154528 0.169506 0.184400 0.199103 0.213705 0.228084 0.242344 0.256350 0.270217 0.283801 0.297225 0.310336 0.323267 0.335856 0.348242 0.360257 0.372047 0.383440 0.394583 0.405302 0.415748 0.425746 0.435445 0.444673 0.453578 0.461989 0.470053 0.477603 0.484782 0.491430 0.497681 0.503386 0.508672 0.513398 0.517683 0.521398 0.524650 0.527324 0.529517 0.531126 0.532237 0.532761 0.532772 0.532196 0.531095 0.529409 0.527188 0.524389 0.521048 0.517135 0.512678 0.507660 0.502097 0.495986 0.489334 0.482149 0.474428 0.466194 0.457433 0.448179 0.438412 0.428173 0.417439 0.406257 0.394599 0.382519 0.369987 0.357062 0.343709 0.329992 0.315877 0.301430 0.286615 0.271500 0.256052 0.240335 0.224323 0.208077 0.191573 0.174870 0.157950 0.140865 0.123605 0.106216 0.088695 0.071082 0.053380 0.035622 0.017820 0.000000 
0.000000 0.016257 0.032497 0.048722 0.064897 0.081041 0.097103 0.113118 0.129017 0.144854 0.160542 0.176151 0.191578 0.206908 0.222024 0.237024 0.251778 0.266397 0.280737 0.294922 0.308798 0.322497 0.335856 0.349015 0.361804 0.374371 0.386539 0.398459 0.409954 0.421176 0.431946 0.442418 0.452413 0.462084 0.471255 0.480075 0.488374 0.496298 0.503681 0.510662 0.517086 0.523084 0.528508 0.533484 0.537874 0.541793 0.545116 0.547948 0.550177 0.551895 0.553006 0.553590 0.553565 0.553000 0.551826 0.550101 0.547771 0.544881 0.541393 0.537341 0.532700 0.527493 0.521709 0.515360 0.508450 0.500979 0.492965 0.484399 0.475308 0.465678 0.455545 0.444889 0.433755 0.422115 0.410024 0.397450 0.384452 0.370996 0.357147 0.342869 0.328229 0.313191 0.297823 0.282092 0.266065 0.249712 0.233097 0.216194 0.199066 0.181692 0.164128 0.146360 0.128440 0.110359 0.092164 0.073854 0.055468 0.037012 0.018518 0.000000 
0.000000 0.016852 0.033696 0.050506 0.067291 0.084009 0.100686 0.117261 0.133778 0.150159 0.166466 0.182602 0.198647 0.214486 0.230215 0.245706 0.261066 0.276156 0.291093 0.305727 0.320188 0.334313 0.348242 0.361804 0.375146 0.388091 0.400791 0.413065 0.425067 0.436616 0.447868 0.458639 0.469086 0.479029 0.488620 0.497683 0.506368 0.514503 0.522235 0.529398 0.536130 0.542278 0.547970 0.553063 0.557678 0.561681 0.565183 0.568065 0.570426 0.572161 0.573356 0.573921 0.573933 0.573313 0.572126 0.570310 0.567918 0.564902 0.561303 0.557088 0.552287 0.546881 0.540888 0.534305 0.527139 0.519399 0.511082 0.502211 0.492774 0.482804 0.472283 0.461253 0.449690 0.437643 0.425085 0.412072 0.398572 0.384647 0.370263 0.355487 0.340282 0.324717 0.308759 0.292475 0.275834 0.258903 0.241654 0.224153 0.206374 0.188380 0.170153 0.151748 0.133154 0.114422 0.095547 0.076573 0.057504 0.038375 0.019197 0.000000 
0.000000 0.017438 0.034858 0.052261 0.069612 0.086929 0.104158 0.121336 0.138391 0.155378 0.172207 0.188948 0.205497 0.221940 0.238155 0.254244 0.270071 0.285750 0.301134 0.316349 0.331234 0.345926 0.360257 0.374371 0.388091 0.401569 0.414623 0.427407 0.439739 0.451775 0.463329 0.474560 0.485283 0.495654 0.505493 0.514953 0.523857 0.532354 0.540275 0.547762 0.554654 0.561086 0.566906 0.572242 0.576953 0.581155 0.584721 0.587757 0.590149 0.591991 0.593183 0.593809 0.593783 0.593176 0.591917 0.590066 0.587567 0.584467 0.580727 0.576380 0.571402 0.565816 0.559612 0.552802 0.545389 0.537376 0.528779 0.519591 0.509840 0.499510 0.488641 0.477211 0.465267 0.452783 0.439812 0.426325 0.412382 0.397950 0.383094 0.367780 0.352075 0.335945 0.319460 0.302587 0.285395 0.267854 0.250031 0.231902 0.213529 0.194892 0.176052 0.156993 0.137771 0.118377 0.098860 0.079220 0.059498 0.039701 0.019863 0.000000 
0.000000 0.018004 0.035999 0.053958 0.071891 0.089752 0.107569 0.125277 0.142923 0.160425 0.177846 0.195086 0.212226 0.229150 0.245952 0.262504 0.278912 0.295035 0.310992 0.326628 0.342076 0.357169 0.372047 0.386539 0.400791 0.414623 0.428188 0.441303 0.454124 0.466465 0.478484 0.489993 0.501153 0.511777 0.522021 0.531706 0.540983 0.549676 0.557934 0.565589 0.572780 0.579349 0.585430 0.590872 0.595801 0.600079 0.603819 0.606899 0.609421 0.611275 0.612551 0.613156 0.613167 0.612505 0.611237 0.609298 0.606741 0.603520 0.599674 0.595172 0.590042 0.584267 0.577864 0.570831 0.563175 0.554905 0.546020 0.536542 0.526461 0.515809 0.504569 0.492784 0.480431 0.467561 0.454144 0.440241 0.425819 0.410942 0.395575 0.379788 0.363544 0.346915 0.329866 0.312468 0.294690 0.276602 0.258174 0.239476 0.220482 0.201258 0.181785 0.162121 0.142257 0.122244 0.102079 0.081808 0.061435 0.040998 0.020510 0.000000 
0.000000 0.018560 0.037101 0.055624 0.074091 0.092522 0.110860 0.129143 0.147297 0.165376 0.183288 0.201106 0.218721 0.236220 0.253480 0.270603 0.287450 0.304137 0.320512 0.336704 0.352549 0.368185 0.383440 0.398459 0.413065 0.427407 0.441303 0.454909 0.468036 0.480844 0.493144 0.505095 0.516510 0.527547 0.538021 0.548087 0.557566 0.566608 0.575041 0.583008 0.590345 0.597189 0.603385 0.609063 0.614078 0.618549 0.622346 0.625576 0.628123 0.630083 0.631353 0.632018 0.631991 0.631344 0.630005 0.628034 0.625375 0.622075 0.618094 0.613467 0.608169 0.602224 0.595621 0.588373 0.580483 0.571954 0.562804 0.553025 0.542646 0.531652 0.520083 0.507918 0.495205 0.481918 0.468112 0.453758 0.438917 0.423557 0.407745 0.391445 0.374729 0.357562 0.340016 0.322058 0.303759 0.285090 0.266120 0.246824 0.227268 0.207433 0.187380 0.167095 0.146636 0.125994 0.105221 0.084318 0.063326 0.042255 0.021141 0.000000 
0.000000 0.019095 0.038180 0.057227 0.076246 0.095189 0.114084 0.132866 0.151580 0.170143 0.188618 0.206904 0.225081 0.243031 0.260850 0.278406 0.295807 0.312907 0.329829 0.346415 0.362796 0.378805 0.394583 0.409954 0.425067 0.439739 0.454124 0.468036 0.481632 0.494722 0.507466 0.519675 0.531509 0.542778 0.553641 0.563914 0.573751 0.582973 0.591730 0.599849 0.607475 0.614444 0.620890 0.626664 0.631890 0.636428 0.640394 0.643662 0.646335 0.648302 0.649655 0.650297 0.650308 0.649607 0.648261 0.646205 0.643493 0.640077 0.635998 0.631223 0.625782 0.619658 0.612867 0.605408 0.597288 0.588518 0.579095 0.569042 0.558350 0.547053 0.535133 0.522634 0.509532 0.495882 0.481654 0.466908 0.451612 0.435833 0.419537 0.402792 0.385565 0.367928 0.349847 0.331395 0.312541 0.293356 0.273813 0.253981 0.233838 0.213448 0.192796 0.171941 0.150874 0.129649 0.108263 0.086763 0.065156 0.043481 0.021752 0.000000 
0.000000 0.019618 0.039216 0.058795 0.078316 0.097797 0.117181 0.136506 0.155695 0.174804 0.193739 0.212571 0.231192 0.249688 0.267933 0.286030 0.303840 0.321476 0.338787 0.355900 0.372650 0.389175 0.405302 0.421176 0.436616 0.451775 0.466465 0.480844 0.494722 0.508258 0.521261 0.533891 0.545959 0.557623 0.568697 0.579335 0.589356 0.598912 0.607827 0.616246 0.624003 0.631236 0.637788 0.643787 0.649090 0.653815 0.657829 0.661242 0.663935 0.666006 0.667349 0.668051 0.668024 0.667339 0.665925 0.663841 0.661030 0.657542 0.653334 0.648443 0.642843 0.636559 0.629579 0.621918 0.613578 0.604564 0.594891 0.584555 0.573584 0.561963 0.549735 0.536876 0.523438 0.509394 0.494801 0.479628 0.463941 0.447706 0.430991 0.413763 0.396093 0.377948 0.359401 0.340420 0.321077 0.301344 0.281292 0.260896 0.240225 0.219259 0.198063 0.176622 0.154996 0.133178 0.111220 0.089125 0.066936 0.044665 0.022346 0.000000 
0.000000 0.020119 0.040228 0.060297 0.080336 0.100296 0.120204 0.139994 0.159711 0.179271 0.198735 0.218003 0.237154 0.256069 0.274842 0.293341 0.311673 0.329693 0.347521 0.364998 0.382256 0.399126 0.415748 0.431946 0.447868 0.463329 0.478484 0.493144 0.507466 0.521261 0.534687 0.547553 0.560019 0.571895 0.583339 0.594165 0.604527 0.614246 0.623470 0.632028 0.640060 0.647405 0.654195 0.660281 0.665785 0.670568 0.674745 0.678190 0.681005 0.683079 0.684503 0.685181 0.685191 0.684454 0.683034 0.680869 0.678011 0.674412 0.670114 0.665083 0.659350 0.652897 0.645742 0.637883 0.629328 0.620087 0.610158 0.599567 0.588301 0.576398 0.563838 0.550668 0.536865 0.522482 0.507491 0.491953 0.475838 0.459212 0.442042 0.424398 0.406248 0.387664 0.368614 0.349172 0.329307 0.309092 0.288501 0.267605 0.246382 0.224898 0.203138 0.181164 0.158967 0.136603 0.114070 0.091417 0.068651 0.045813 0.022919 0.000000 
0.000000 0.020607 0.041194 0.061760 0.082266 0.102729 0.123092 0.143391 0.163549 0.183620 0.203511 0.223292 0.242853 0.262280 0.281448 0.300456 0.319165 0.337689 0.355876 0.373849 0.391447 0.408803 0.425746 0.442418 0.458639 0.474560 0.489993 0.505095 0.519675 0.533891 0.547553 0.560818 0.573497 0.585747 0.597381 0.608554 0.619083 0.629118 0.638485 0.647327 0.655477 0.663073 0.669957 0.676257 0.681829 0.686790 0.691009 0.694592 0.697423 0.699596 0.701009 0.701745 0.701717 0.700997 0.699512 0.697322 0.694371 0.690706 0.686286 0.681148 0.675266 0.668665 0.661333 0.653285 0.644525 0.635056 0.624895 0.614038 0.602513 0.590307 0.577461 0.563955 0.549838 0.535086 0.519756 0.503819 0.487340 0.470287 0.452728 0.434632 0.416071 0.397011 0.377528 0.357589 0.337270 0.316543 0.295479 0.274055 0.252341 0.230318 0.208052 0.185530 0.162813 0.139895 0.116830 0.093620 0.070312 0.046917 0.023473 0.000000 
0.000000 0.021072 0.042134 0.063154 0.084142 0.105048 0.125899 0.146627 0.167278 0.187765 0.208151 0.228333 0.248389 0.268202 0.287863 0.307240 0.326440 0.345315 0.363985 0.382293 0.400366 0.418037 0.435445 0.452413 0.469086 0.485283 0.501153 0.516510 0.531509 0.545959 0.560019 0.573497 0.586551 0.598992 0.610976 0.622317 0.633168 0.643350 0.653009 0.661974 0.670384 0.678079 0.685190 0.691565 0.697328 0.702340 0.706713 0.710323 0.713270 0.715443 0.716934 0.717645 0.717654 0.716883 0.715396 0.713128 0.710134 0.706366 0.701863 0.696595 0.690589 0.683831 0.676337 0.668106 0.659145 0.649466 0.639067 0.627973 0.616174 0.603706 0.590552 0.576758 0.562301 0.547236 0.531535 0.515261 0.498383 0.480968 0.462986 0.444505 0.425496 0.406031 0.386079 0.365714 0.344909 0.323736 0.302170 0.280283 0.258055 0.235553 0.212763 0.189747 0.166499 0.143075 0.119475 0.095748 0.071904 0.047984 0.024005 0.000000 
0.000000 0.021523 0.043026 0.064506 0.085923 0.107296 0.128564 0.149764 0.170820 0.191782 0.212559 0.233218 0.253650 0.273939 0.293960 0.313811 0.333354 0.352700 0.371697 0.390467 0.408849 0.426975 0.444673 0.462084 0.479029 0.495654 0.511777 0.527547 0.542778 0.557623 0.571895 0.585747 0.598992 0.611784 0.623938 0.635604 0.646604 0.657083 0.666869 0.676101 0.684616 0.692547 0.699739 0.706318 0.712139 0.717319 0.721727 0.725468 0.728426 0.730694 0.732171 0.732939 0.732911 0.732158 0.730608 0.728319 0.725238 0.721409 0.716794 0.711427 0.705284 0.698388 0.690731 0.682325 0.673176 0.663286 0.652673 0.641333 0.629296 0.616548 0.603131 0.589024 0.574280 0.558872 0.542860 0.526216 0.509003 0.491193 0.472853 0.453953 0.434566 0.414660 0.394309 0.373486 0.352262 0.330614 0.308613 0.286238 0.263558 0.240557 0.217300 0.193778 0.170050 0.146114 0.122023 0.097782 0.073438 0.049003 0.024517 0.000000 
0.000000 0.021950 0.043888 0.065784 0.087646 0.109423 0.131141 0.152734 0.174243 0.195585 0.216818 0.237843 0.258733 0.279372 0.299850 0.320036 0.340033 0.359697 0.379142 0.398214 0.417038 0.435447 0.453578 0.471255 0.488620 0.505493 0.522021 0.538021 0.553641 0.568697 0.583339 0.597381 0.610976 0.623938 0.636418 0.648234 0.659534 0.670143 0.680201 0.689542 0.698300 0.706318 0.713722 0.720365 0.726366 0.731589 0.736142 0.739904 0.742972 0.745238 0.746788 0.747530 0.747539 0.746737 0.745187 0.742826 0.739706 0.735781 0.731091 0.725603 0.719348 0.712308 0.704502 0.695928 0.686594 0.676511 0.665680 0.654124 0.641834 0.628846 0.615145 0.600776 0.585717 0.570024 0.553670 0.536718 0.519138 0.500997 0.482266 0.463016 0.443215 0.422939 0.402157 0.380943 0.359272 0.337217 0.314754 0.291955 0.268802 0.245362 0.221623 0.197649 0.173433 0.149033 0.124450 0.099735 0.074899 0.049982 0.025004 0.000000 
0.000000 0.022361 0.044701 0.067017 0.089269 0.111473 0.133571 0.155595 0.177472 0.199249 0.220836 0.242298 0.263527 0.284605 0.305407 0.326030 0.346336 0.366432 0.386171 0.405670 0.424770 0.443599 0.461989 0.480075 0.497683 0.514953 0.531706 0.548087 0.563914 0.579335 0.594165 0.608554 0.622317 0.635604 0.648234 0.660352 0.671783 0.682667 0.692837 0.702426 0.711275 0.719512 0.726987 0.733819 0.739869 0.745249 0.749830 0.753716 0.756790 0.759145 0.760681 0.761478 0.761450 0.760666 0.759056 0.756678 0.753477 0.749499 0.744705 0.739128 0.732746 0.725582 0.717627 0.708893 0.699388 0.689113 0.678087 0.666306 0.653799 0.640555 0.626615 0.611960 0.596640 0.580634 0.563998 0.546706 0.528822 0.510319 0.491264 0.471629 0.451486 0.430806 0.409662 0.388029 0.365978 0.343488 0.320629 0.297384 0.273820 0.249924 0.225761 0.201323 0.176671 0.151803 0.126774 0.101590 0.076297 0.050911 0.025471 0.000000 
0.000000 0.022747 0.045482 0.068174 0.090829 0.113398 0.135904 0.158283 0.180572 0.202690 0.224694 0.246483 0.268130 0.289521 0.310741 0.331662 0.352384 0.372764 0.392914 0.412681 0.432185 0.451267 0.470053 0.488374 0.506368 0.523857 0.540983 0.557566 0.573751 0.589356 0.604527 0.619083 0.633168 0.646604 0.659534 0.671783 0.683491 0.694487 0.704908 0.714591 0.723665 0.731976 0.739647 0.746534 0.752751 0.758165 0.762882 0.766782 0.769959 0.772309 0.773915 0.774685 0.774693 0.773863 0.772255 0.769809 0.766576 0.762509 0.757647 0.751961 0.745478 0.738182 0.730093 0.721207 0.711534 0.701085 0.689861 0.677884 0.665149 0.651689 0.637490 0.622599 0.606994 0.590730 0.573783 0.556213 0.537996 0.519195 0.499785 0.479834 0.459315 0.438301 0.416765 0.394781 0.372323 0.349466 0.326188 0.302560 0.278566 0.254274 0.229674 0.204828 0.179733 0.154446 0.128971 0.103358 0.077619 0.051798 0.025913 0.000000 
0.000000 0.023117 0.046212 0.069282 0.092287 0.115240 0.138085 0.160853 0.183470 0.205982 0.228300 0.250486 0.272434 0.294222 0.315730 0.337047 0.358041 0.378815 0.399223 0.419378 0.439127 0.458589 0.477603 0.496298 0.514503 0.532354 0.549676 0.566608 0.582973 0.598912 0.614246 0.629118 0.643350 0.657083 0.670143 0.682667 0.694487 0.705737 0.716252 0.726163 0.735314 0.743827 0.751556 0.758617 0.764874 0.770433 0.775172 0.779186 0.782366 0.784800 0.786389 0.787211 0.787183 0.786371 0.784709 0.782249 0.778941 0.774828 0.769872 0.764106 0.757509 0.750102 0.741878 0.732850 0.723023 0.712401 0.701002 0.688823 0.675893 0.662203 0.647790 0.632641 0.616803 0.600256 0.583057 0.565182 0.546693 0.527565 0.507866 0.487568 0.466743 0.445365 0.423506 0.401142 0.378346 0.355096 0.331464 0.307434 0.283073 0.258370 0.233390 0.208127 0.182641 0.156934 0.131058 0.105023 0.078875 0.052632 0.026332 0.000000 
0.000000 0.023460 0.046907 0.070311 0.093675 0.116952 0.140163 0.163243 0.186230 0.209043 0.231734 0.254208 0.276532 0.298595 0.320478 0.342057 0.363425 0.384447 0.405225 0.425615 0.445728 0.465410 0.484782 0.503681 0.522235 0.540275 0.557934 0.575041 0.591730 0.607827 0.623470 0.638485 0.653009 0.666869 0.680201 0.692837 0.704908 0.716252 0.726997 0.736986 0.746342 0.754916 0.762825 0.769930 0.776339 0.781925 0.786788 0.790812 0.794087 0.796512 0.798166 0.798962 0.798969 0.798114 0.796455 0.793933 0.790598 0.786404 0.781389 0.775525 0.768839 0.761315 0.752972 0.743808 0.733832 0.723055 0.711479 0.699127 0.685993 0.672111 0.657468 0.642109 0.626016 0.609241 0.591764 0.573643 0.554855 0.535465 0.515447 0.494870 0.473710 0.452036 0.429826 0.407152 0.383991 0.360416 0.336410 0.312041 0.287296 0.262242 0.236872 0.211246 0.185366 0.159286 0.133013 0.106597 0.080052 0.053421 0.026725 0.000000 
0.000000 0.023786 0.047550 0.071287 0.094958 0.118575 0.142083 0.165509 0.188781 0.211944 0.234909 0.257735 0.280321 0.302737 0.324870 0.346802 0.368406 0.389779 0.410780 0.431516 0.451839 0.471862 0.491430 0.510662 0.529398 0.547762 0.565589 0.583008 0.599849 0.616246 0.632028 0.647327 0.661974 0.676101 0.689542 0.702426 0.714591 0.726163 0.736986 0.747181 0.756599 0.765356 0.773312 0.780574 0.787015 0.792733 0.797610 0.801739 0.805013 0.807515 0.809152 0.809996 0.809969 0.809133 0.807423 0.804891 0.801488 0.797255 0.792156 0.786223 0.779435 0.771814 0.763352 0.754063 0.743951 0.733021 0.721293 0.708761 0.695457 0.681370 0.666540 0.650953 0.634656 0.617631 0.599933 0.581541 0.562517 0.542836 0.522565 0.501681 0.480253 0.458257 0.435764 0.412754 0.389297 0.365375 0.341058 0.316333 0.291266 0.265849 0.240145 0.214152 0.187928 0.161476 0.134851 0.108063 0.081158 0.054155 0.027094 0.000000 
0.000000 0.024085 0.048156 0.072182 0.096168 0.120065 0.143892 0.167588 0.191185 0.214607 0.237900 0.260974 0.283890 0.306542 0.329005 0.351161 0.373095 0.394679 0.416008 0.436942 0.457588 0.477796 0.497681 0.517086 0.536130 0.554654 0.572780 0.590345 0.607475 0.624003 0.640060 0.655477 0.670384 0.684616 0.698300 0.711275 0.723665 0.735314 0.746342 0.756599 0.766201 0.775006 0.783123 0.790419 0.796997 0.802734 0.807724 0.811857 0.815217 0.817709 0.819405 0.820224 0.820230 0.819353 0.817648 0.815061 0.811635 0.807331 0.802182 0.796163 0.789298 0.781574 0.773009 0.763601 0.753359 0.742296 0.730412 0.717731 0.704248 0.689995 0.674964 0.659195 0.642675 0.625453 0.607511 0.588908 0.569621 0.549713 0.529164 0.508038 0.486316 0.464064 0.441264 0.417985 0.394210 0.370007 0.345362 0.320344 0.294941 0.269220 0.243175 0.216867 0.190299 0.163524 0.136552 0.109433 0.082182 0.054842 0.027436 0.000000 
0.000000 0.024364 0.048707 0.073021 0.097269 0.121459 0.145540 0.169534 0.193375 0.217099 0.240625 0.264004 0.287142 0.310101 0.332774 0.355237 0.377370 0.399260 0.420775 0.442013 0.462833 0.483340 0.503386 0.523084 0.542278 0.561086 0.579349 0.597189 0.614444 0.631236 0.647405 0.663073 0.678079 0.692547 0.706318 0.719512 0.731976 0.743827 0.754916 0.765356 0.775006 0.783973 0.792125 0.799562 0.806161 0.812016 0.817015 0.821242 0.824597 0.827158 0.828837 0.829700 0.829673 0.828815 0.827065 0.824471 0.820986 0.816649 0.811427 0.805349 0.798396 0.790589 0.781922 0.772406 0.762048 0.750853 0.738839 0.726003 0.712375 0.697946 0.682755 0.666789 0.650095 0.632656 0.614527 0.595688 0.576200 0.556042 0.535277 0.513886 0.491935 0.469405 0.446364 0.422795 0.398766 0.374264 0.349355 0.324029 0.298351 0.272316 0.245987 0.219362 0.192499 0.165405 0.138132 0.110692 0.083132 0.055473 0.027753 0.000000 
0.000000 0.024617 0.049219 0.073777 0.098291 0.122717 0.147070 0.171290 0.195407 0.219348 0.243154 0.266739 0.290159 0.313314 0.336271 0.358919 0.381335 0.403398 0.425195 0.446595 0.467693 0.488351 0.508672 0.528508 0.547970 0.566906 0.585430 0.603385 0.620890 0.637788 0.654195 0.669957 0.685190 0.699739 0.713722 0.726987 0.739647 0.751556 0.762825 0.773312 0.783123 0.792125 0.800418 0.807879 0.814599 0.820465 0.825563 0.829789 0.833222 0.835770 0.837503 0.838341 0.838345 0.837450 0.835707 0.833064 0.829561 0.825163 0.819900 0.813748 0.806731 0.798837 0.790082 0.780466 0.769998 0.758691 0.746545 0.733583 0.719802 0.705235 0.689872 0.673754 0.656869 0.639267 0.620930 0.601914 0.582202 0.561854 0.540852 0.519259 0.497057 0.474313 0.451011 0.427217 0.402917 0.378179 0.352991 0.327418 0.301456 0.275166 0.248546 0.221657 0.194502 0.167136 0.139569 0.111850 0.083997 0.056053 0.028042 0.000000 
0.000000 0.024849 0.049676 0.074473 0.099203 0.123874 0.148435 0.172905 0.197221 0.221415 0.245411 0.269254 0.292853 0.316267 0.339393 0.362301 0.384876 0.407198 0.429144 0.450801 0.472038 0.492950 0.513398 0.533484 0.553063 0.572242 0.590872 0.609063 0.626664 0.643787 0.660281 0.676257 0.691565 0.706318 0.720365 0.733819 0.746534 0.758617 0.769930 0.780574 0.790419 0.799562 0.807879 0.815461 0.822194 0.828162 0.833263 0.837572 0.840996 0.843606 0.845319 0.846198 0.846173 0.845296 0.843513 0.840866 0.837312 0.832888 0.827563 0.821364 0.814273 0.806311 0.797471 0.787766 0.777202 0.765785 0.753531 0.740440 0.726540 0.711825 0.696331 0.680049 0.663022 0.645237 0.626747 0.607535 0.587658 0.567099 0.545921 0.524105 0.501717 0.478740 0.455240 0.431203 0.406695 0.381707 0.356301 0.330472 0.304284 0.277732 0.250878 0.223724 0.196327 0.168694 0.140878 0.112893 0.084785 0.056576 0.028305 0.000000 
